[gd_scene load_steps=10 format=3 uid="uid://dde8hmjf2wufi"]

[ext_resource type="Script" path="res://Scenarios/Intro.cs" id="1_uccs7"]
[ext_resource type="PackedScene" uid="uid://cqv5rul7eaad7" path="res://Scenarios/Environment.tscn" id="2_4xuhw"]
[ext_resource type="PackedScene" uid="uid://pajtanvcah6l" path="res://Scenarios/UI/Start.tscn" id="2_rx2a3"]
[ext_resource type="Shader" path="res://addons/PSX/psx_camera/psx_camera_shader.gdshader" id="3_2ynhb"]
[ext_resource type="PackedScene" uid="uid://cg75tms1dkm3r" path="res://Objects/Piano.tscn" id="5_7anww"]
[ext_resource type="PackedScene" uid="uid://nrewi5rtgiu8" path="res://Objects/PlantPot.tscn" id="6_7viqc"]
[ext_resource type="AudioStream" uid="uid://domcobj1opmmk" path="res://Music/Premonition Project/MainTheme.ogg" id="7_lbysr"]

[sub_resource type="ShaderMaterial" id="ShaderMaterial_y4qu6"]
render_priority = 1
shader = ExtResource("3_2ynhb")
shader_parameter/enable_fog = true
shader_parameter/fog_color = Color(0.941176, 0.831373, 0.635294, 1)
shader_parameter/noise_color = Color(0.288627, 0.271554, 0.261308, 1)
shader_parameter/fog_distance = 271.0
shader_parameter/fog_fade_range = 270.0
shader_parameter/enable_noise = true
shader_parameter/noise_time_fac = 4.875
shader_parameter/enable_color_limitation = true
shader_parameter/color_levels = 128
shader_parameter/enable_dithering = true
shader_parameter/dither_strength = 0.154

[sub_resource type="QuadMesh" id="QuadMesh_jb3ln"]
material = SubResource("ShaderMaterial_y4qu6")
size = Vector2(2, 2)

[node name="Intro" type="Node3D"]
script = ExtResource("1_uccs7")

[node name="Start" parent="." instance=ExtResource("2_rx2a3")]

[node name="Environment" parent="." instance=ExtResource("2_4xuhw")]
transform = Transform3D(0.965926, 0, 0.258819, 0, 1, 0, -0.258819, 0, 0.965926, 9.845, 0, 4.874)

[node name="Camera3D" type="Camera3D" parent="."]
transform = Transform3D(-0.961262, 0.175327, 0.212689, 0, 0.771625, -0.636078, -0.275637, -0.611438, -0.741733, -0.51, 0.49, 0)

[node name="MeshInstance3D" type="MeshInstance3D" parent="Camera3D"]
unique_name_in_owner = true
transform = Transform3D(-0.907777, 0, -0.419452, 3.72529e-09, 1, 0, 0.419452, -7.45058e-09, -0.907777, 4.76385, -0.998819, -15.1495)
mesh = SubResource("QuadMesh_jb3ln")
skeleton = NodePath("")

[node name="DirectionalLight3D" type="DirectionalLight3D" parent="."]
transform = Transform3D(1, 0, 0, 0, 0.890959, 0.454084, 0, -0.454084, 0.890959, 0, 0, 0)

[node name="Piano" parent="." instance=ExtResource("5_7anww")]
transform = Transform3D(-0.885183, 0.408306, 0.223018, 0.0454631, 0.552979, -0.831954, -0.463016, -0.726293, -0.50805, 0.301, 2, 3)

[node name="PlantPot1" parent="." instance=ExtResource("6_7viqc")]
transform = Transform3D(0.918411, 0.39553, -0.00872654, -0.395546, 0.918446, 0, 0.00801485, 0.00345174, 0.999962, 0.3, 1.37, 5.28)

[node name="AudioStreamPlayer" type="AudioStreamPlayer" parent="."]
stream = ExtResource("7_lbysr")
volume_db = -12.291
autoplay = true
parameters/looping = true

[editable path="Environment"]
