[gd_scene load_steps=7 format=3 uid="uid://dtvtnfdy45dex"]

[ext_resource type="Script" path="res://Objects/Cake.cs" id="1_vr3r7"]
[ext_resource type="ArrayMesh" uid="uid://ooxwjxyn6lqh" path="res://Meshes/Assets_R3/OBJ/Cake.obj" id="1_wihhj"]
[ext_resource type="ArrayMesh" uid="uid://dfkjfc2po6ad" path="res://Meshes/Assets_R3/OBJ/Food_Dough.obj" id="2_3025v"]
[ext_resource type="ArrayMesh" uid="uid://cnlv4kfe6cc7x" path="res://Meshes/Assets_R3/OBJ/Food_Board_Cups.obj" id="3_f0q85"]

[sub_resource type="BoxShape3D" id="BoxShape3D_l67go"]
size = Vector3(1.54929, 0.388672, 0.566406)

[sub_resource type="SphereShape3D" id="SphereShape3D_d27tl"]
radius = 0.818013

[node name="StaticBody3D" type="StaticBody3D"]
collision_layer = 16
script = ExtResource("1_vr3r7")

[node name="Cake" type="MeshInstance3D" parent="."]
transform = Transform3D(0.85531, 0, -0.518117, 0, 1, 0, 0.518117, 0, 0.85531, -4.106, 0.95, -3.99874)
mesh = ExtResource("1_wihhj")
skeleton = NodePath("")

[node name="FoodDough" type="MeshInstance3D" parent="Cake"]
transform = Transform3D(0.85531, 0, 0.518117, 0, 1, 0, -0.518117, 0, 0.85531, -0.926383, 0.06287, 0.160322)
mesh = ExtResource("2_3025v")
skeleton = NodePath("")

[node name="FoodBoardCups" type="MeshInstance3D" parent="Cake"]
transform = Transform3D(-0.986386, 0, 0.164445, 0, 1, 0, -0.164445, 0, -0.986386, -0.201829, 0, -0.0353057)
mesh = ExtResource("3_f0q85")

[node name="CollisionShape3D" type="CollisionShape3D" parent="."]
transform = Transform3D(1, 0, 0, 0, 1, 0, 0, 0, 1, -4.19245, 1.04845, -4.15083)
shape = SubResource("BoxShape3D_l67go")

[node name="Area3D" type="Area3D" parent="."]
collision_layer = 16

[node name="CollisionShape3D" type="CollisionShape3D" parent="Area3D"]
transform = Transform3D(1, 0, 0, 0, 1, 0, 0, 0, 1, -3.97653, 0.488138, -4.48417)
shape = SubResource("SphereShape3D_d27tl")
