[gd_scene load_steps=9 format=3 uid="uid://dydl5ioabbl35"]

[ext_resource type="Script" path="res://Debug/Room03/Main.cs" id="1_h1idp"]
[ext_resource type="ArrayMesh" uid="uid://rvep5drpb1ei" path="res://Debug/Room03/Resources_Env_RoomTest_01c.obj" id="2_hr54i"]
[ext_resource type="PackedScene" uid="uid://de4a6oign3e15" path="res://Debug/Room03/S00003_A.tscn" id="3_rh6v0"]
[ext_resource type="PackedScene" uid="uid://dxd0s6d8rcmup" path="res://Debug/Room03/S00003_B.tscn" id="4_qlqiy"]

[sub_resource type="BoxShape3D" id="BoxShape3D_pk56b"]
size = Vector3(4.5, 0.175488, 5)

[sub_resource type="BoxShape3D" id="BoxShape3D_4tldk"]
size = Vector3(0.565826, 3.5, 5.02891)

[sub_resource type="BoxShape3D" id="BoxShape3D_kp7jj"]
size = Vector3(5.00928, 2.91553, 0.304199)

[sub_resource type="BoxShape3D" id="BoxShape3D_ohky4"]
size = Vector3(1.41748, 2.68604, 1.77582)

[node name="S00003" type="Node3D"]
transform = Transform3D(1, 0, 0, 0, 1, 0, 0, 0, 1, -1.9, -0.1, 2.4)
script = ExtResource("1_h1idp")

[node name="ResourcesEnvRoomTest01" type="MeshInstance3D" parent="."]
layers = 4
mesh = ExtResource("2_hr54i")

[node name="StaticBody3D" type="StaticBody3D" parent="."]
transform = Transform3D(1, 0, 0, 0, 1, 0, 0, 0, 1, 2.24258, 0.05, -2.5)
collision_layer = 4

[node name="CollisionShape3D" type="CollisionShape3D" parent="StaticBody3D"]
transform = Transform3D(1, 0, 0, 0, 1, 0, 0, 0, 1, 0, 0.0377441, 0)
shape = SubResource("BoxShape3D_pk56b")

[node name="StaticBody3D2" type="StaticBody3D" parent="."]
collision_layer = 2

[node name="CollisionShape3D" type="CollisionShape3D" parent="StaticBody3D2"]
transform = Transform3D(1, 0, 0, 0, 1, 0, 0, 0, 1, -0.0166931, 1.25, -2.39766)
shape = SubResource("BoxShape3D_4tldk")

[node name="StaticBody3D4" type="StaticBody3D" parent="."]
transform = Transform3D(1, 0, 0, 0, 1, 0, 0, 0, 1, 4.49571, 0, 0)
collision_layer = 2

[node name="CollisionShape3D" type="CollisionShape3D" parent="StaticBody3D4"]
transform = Transform3D(1, 0, 0, 0, 1, 0, 0, 0, 1, 0.0107574, 1.25, -2.39766)
shape = SubResource("BoxShape3D_4tldk")

[node name="StaticBody3D3" type="StaticBody3D" parent="."]
collision_layer = 2

[node name="CollisionShape3D" type="CollisionShape3D" parent="StaticBody3D3"]
transform = Transform3D(1, 0, 0, 0, 1, 0, 0, 0, 1, 2.00464, 1.45581, -4.87344)
shape = SubResource("BoxShape3D_kp7jj")

[node name="StaticBody3D5" type="StaticBody3D" parent="."]
collision_layer = 2

[node name="CollisionShape3D" type="CollisionShape3D" parent="StaticBody3D5"]
transform = Transform3D(1, 0, 0, 0, 1, 0, 0, 0, 1, 2.00464, 1.45581, 0.448213)
shape = SubResource("BoxShape3D_kp7jj")

[node name="DirectionalLight3D" type="DirectionalLight3D" parent="."]
transform = Transform3D(0.533715, -0.158193, 0.830736, -0.318864, -0.947486, 0.0244322, 0.783246, -0.277932, -0.55613, 5.184, 1.52791, -4.79911)
light_color = Color(0.846609, 0.590211, 0.461991, 1)
light_energy = 0.81
light_indirect_energy = 0.466
light_volumetric_fog_energy = 2.15
light_angular_distance = 0.87
light_bake_mode = 1
directional_shadow_mode = 0
directional_shadow_fade_start = 0.079
directional_shadow_max_distance = 37.8
directional_shadow_pancake_size = 0.0

[node name="SpotLight3D" type="SpotLight3D" parent="."]
transform = Transform3D(1, 0, 0, 0, -0.258819, 0.965926, 0, -0.965926, -0.258819, 2, 3, -3)

[node name="OmniLight3D" type="OmniLight3D" parent="."]
transform = Transform3D(0.775848, 0, -0.63092, -0.0918289, 0.989351, -0.112923, 0.624201, 0.145548, 0.767586, 1.78247, 1.44449, -4.18418)
light_color = Color(0.364706, 0.392157, 1, 1)
omni_range = 1.004

[node name="OmniLight3D2" type="OmniLight3D" parent="."]
transform = Transform3D(0.775848, 0, -0.63092, -0.0918289, 0.989351, -0.112923, 0.624201, 0.145548, 0.767586, 1.28693, 1.44449, -4.18418)
light_color = Color(0.807843, 0.392157, 1, 1)
omni_range = 1.004

[node name="OmniLight3D3" type="OmniLight3D" parent="."]
transform = Transform3D(0.775848, 0, -0.63092, -0.0918289, 0.989351, -0.112923, 0.624201, 0.145548, 0.767586, 0.792591, 1.62282, -4.18418)
light_color = Color(0.807843, 0.392157, 0.282353, 1)
omni_range = 1.004

[node name="OmniLight3D4" type="OmniLight3D" parent="."]
transform = Transform3D(0.775848, 0, -0.63092, -0.0918289, 0.989351, -0.112923, 0.624201, 0.145548, 0.767586, 0.792591, 1.42525, -2.9655)
light_color = Color(0.00784314, 0.392157, 0.282353, 1)
omni_range = 1.004

[node name="S00003_A" parent="." instance=ExtResource("3_rh6v0")]
transform = Transform3D(1, 0, 0, 0, 1, 0, 0, 0, 1, 2.72867, 0, -0.00448608)
layers = 2
mesh = null

[node name="S00003_B" parent="." instance=ExtResource("4_qlqiy")]
visible = true
mesh = null

[node name="Transition_01" type="Area3D" parent="."]

[node name="CollisionShape3D" type="CollisionShape3D" parent="Transition_01"]
transform = Transform3D(1, 0, 0, 0, 1, 0, 0, 0, 1, 3.59418, 1.51851, -0.822845)
shape = SubResource("BoxShape3D_ohky4")

[connection signal="body_entered" from="Transition_01" to="." method="OnThresholdEnter"]
[connection signal="body_exited" from="Transition_01" to="." method="OnThresholdExit"]
